0.08901771
0.09221702
0.09221702
0.09221702
0.09221702
0.09221702
0.08901771
0.09221702
0.09221702
0.09221702
0.09221702
0.09221702
0.09221702
0.08901771
0.09221702
0.09221702
0.09221702
0.09221702
0.09221702
0.09221702
0.08901771
0.09221702
0.08901771
0.09221702
0.09221702
0.09221702
0.08901771
0.09221702
0.08901771
0.08901771
0.09541632
0.08901771
0.09221702
0.09541632
0.09541632
0.09541632
99.984184
99.968254
99.97781
99.971436
99.961876
99.965065
99.968254
99.965065
99.981
99.974625
99.984184
99.961876
99.955505
99.97781
99.955505
99.984184
99.971436
99.955505
99.971436
99.971436
99.971436
99.945946
99.968254
99.968254
99.97781
99.974625
99.99056
99.97781
99.958694
99.971436
99.965065
99.968254
99.945946
99.961876
99.971436
99.99056
99.965065
99.984184
99.974625
99.97781
100.00649
100.01287
99.99056
99.968254
99.98737
99.97781
99.90133
99.89814
99.89814
99.89814
99.89814
99.89814
99.89814
99.90133
99.90133
99.89814
99.90133
99.89814
99.89814
99.90452
99.961876
99.95232
100.00331
99.90133
99.89496
99.89814
99.89496
1.2727331
1.2727331
1.2695339
1.2695339
1.2695339
1.2695339
1.2695339
1.2695339
1.2567372
1.2695339
1.2695339
1.2695339
1.2663348
1.2695339
1.2695339
1.2695339
1.2663348
1.2695339
1.2695339
1.2695339
1.2695339
1.2663348
1.2695339
1.2727331
1.2695339
1.2695339
1.2695339
1.2695339
1.2695339
1.2695339
1.2663348
1.2695339
1.2695339
1.2695339
1.2695339
1.2663348
1.2663348
1.2663348
1.2663348
1.2663348
1.2663348
1.2663348
1.2695339
1.2695339
1.2663348
1.2695339
1.2695339
1.2695339
1.2695339
1.2663348
1.2695339
1.2663348
1.2663348
1.2727331
1.2695339
1.2695339
1.2663348
1.2695339
1.2663348
1.2695339
1.2695339
1.2695339
1.2695339
1.2695339
1.2695339
1.2663348
1.2695339
1.2663348
1.2695339
1.2663348
1.2663348
1.2695339
1.2695339
1.2663348
1.2727331
1.2727331
1.2695339
1.2663348
1.2663348
1.2663348
1.2631356
1.2695339
1.2663348
1.2663348
1.2695339
1.2695339
1.2695339
1.2695339
1.2663348
1.2695339
1.2727331
1.2695339
1.2695339
1.2727331
1.2663348
1.2695339
1.2695339
1.2727331
1.2663348
1.2727331
1.2727331
1.2695339
1.2663348
1.2695339
1.2663348
1.2695339
1.2695339
1.2695339
1.2727331
1.2695339
1.2663348
1.2663348
1.2663348
1.2695339
1.2663348
1.2663348
1.2695339
1.2695339
1.2663348
1.2695339
1.2695339
1.2695339
1.2695339
1.2695339
1.2695339
1.2663348
1.2663348
1.2695339
1.2663348
1.2727331
1.2663348
1.2695339
1.2695339
1.2663348
1.2695339
1.2663348
1.2695339
1.2727331
1.2727331
1.2727331
1.2695339
1.2695339
1.2727331
1.2727331
1.2727331
1.2727331
1.2695339
1.2727331
1.2663348
1.2663348
1.2663348
1.2663348
1.2727331
1.2727331
1.2759322
1.2727331
1.2695339
1.2759322
1.2759322
1.2727331
1.2727331
1.2663348
1.2695339
1.2695339
1.2727331
1.2759322
1.2759322
1.2727331
1.2727331
1.2727331
1.2695339
1.2727331
1.2727331
1.2663348
1.2695339
1.2695339
1.2663348
1.2695339
1.2695339
1.2695339
1.2727331
1.2759322
1.2759322
1.2727331
1.2695339
1.2695339
1.2727331
1.2727331
1.2727331
1.2727331
1.2695339
1.2727331
1.2695339
1.2663348
1.2695339
1.2663348
1.2695339
1.2759322
1.2695339
1.2695339
1.2695339
1.2727331
1.2727331
1.2727331
1.2727331
1.2759322
1.2759322
1.2727331
1.2695339
1.2695339
1.2663348
1.2919279
1.2727331
1.2727331
1.2727331
1.2983263
1.3047246
1.3015255
1.2919279
1.2919279
1.3047246
1.3047246
1.2919279
1.2983263
1.2983263
1.2983263
1.2983263
1.2983263
1.2919279
1.2983263
1.2919279
1.2951272
1.2951272
1.2919279
1.2951272
1.2919279
1.2951272
1.2887288
1.2919279
1.2919279
1.2919279
1.2919279
1.2919279
1.2919279
1.2919279
1.2887288
1.2919279
1.2919279
1.2887288
1.2919279
1.2887288
1.2887288
1.2951272
1.2983263
1.2951272
1.2951272
1.2951272
1.2887288
1.2919279
1.2983263
1.2951272
1.2919279
1.2951272
1.2919279
1.2951272
1.2919279
1.2983263
1.2951272
1.2951272
1.2887288
1.2919279
1.2919279
1.2983263
1.2855296
1.2887288
1.2951272
1.2919279
1.2855296
1.2855296
1.2855296
1.2823305
1.2887288
1.2855296
1.2855296
1.2823305
1.2791313
1.2887288
1.2823305
1.2823305
1.2791313
1.2759322
1.2791313
1.2791313
1.2791313
1.2823305
1.2823305
1.2791313
1.2695339
1.2791313
1.2823305
1.2791313
1.2727331
1.2727331
1.2759322
1.2823305
1.2759322
1.2759322
1.2759322
1.2727331
1.2759322
1.2759322
1.2759322
1.2791313
1.2727331
1.2727331
1.2759322
1.2791313
1.2727331
1.2695339
1.2727331
1.2663348
1.2727331
1.2727331
1.2695339
1.2663348
1.2599365
1.2727331
1.2695339
1.2663348
1.2599365
1.2631356
1.2631356
1.2599365
1.2567372
1.2599365
1.2631356
1.2599365
1.2631356
1.2663348
1.2599365
1.2599365
1.2567372
1.2567372
1.2631356
1.2599365
1.2567372
1.2599365
1.2599365
1.2599365
1.2599365
1.2599365
1.2599365
1.2599365
1.2567372
1.2567372
1.2567372
1.2567372
1.2535381
1.2535381
1.2567372
1.2567372
1.2503389
1.2567372
1.2535381
1.2471398
1.2439406
1.2567372
1.2535381
1.2503389
1.2471398
1.2567372
1.2567372
1.2471398
1.2503389
1.2503389
1.2535381
1.2535381
1.2535381
1.2535381
1.2567372
1.2535381
1.2535381
1.2535381
1.2535381
1.2503389
1.2535381
1.2535381
1.2503389
1.2503389
1.2567372
1.2535381
1.2503389
1.2503389
1.2471398
1.2503389
1.2503389
1.2439406
1.2503389
1.2503389
1.2471398
1.2439406
1.2471398
1.2471398
1.2471398
1.2503389
1.2503389
1.2503389
1.2471398
1.2503389
1.2503389
1.2535381
1.2471398
1.2503389
1.2567372
1.2503389
1.2471398
1.2503389
1.2567372
1.2535381
1.2503389
1.2759322
1.2727331
1.2759322
1.2759322
1.2791313
1.2759322
1.2759322
1.2759322
1.2791313
1.2791313
1.2759322
1.2791313
1.2759322
1.2759322
1.2759322
1.2727331
1.2695339
1.2695339
1.2727331
1.2727331
1.2759322
1.2727331
1.2727331
1.2727331
1.2759322
1.2727331
1.2727331
1.2727331
1.2727331
1.2727331
1.2727331
1.2727331
1.2727331
1.2759322
1.2759322
1.2759322
1.2727331
1.2727331
1.2727331
1.2759322
1.2759322
1.2727331
1.2759322
1.2791313
1.2791313
1.2727331
1.2759322
1.2759322
1.2759322
1.2759322
1.2759322
1.2727331
1.2727331
1.2727331
1.2727331
1.2727331
1.2727331
1.2727331
1.2727331
1.2727331
1.2727331
1.2727331
1.2727331
1.2727331
1.2759322
1.2759322
1.2727331
1.2759322
1.2759322
1.2759322
1.2759322
1.2759322
1.2759322
1.2727331
1.2759322
1.2759322
1.2695339
1.2727331
1.2759322
1.2759322
1.2727331
1.2727331
1.2727331
1.2759322
1.2791313
1.2791313
1.2791313
1.2791313
1.2759322
1.2759322
1.2791313
1.2759322
1.2759322
1.2791313
1.2759322
1.2791313
1.2759322
1.2759322
1.2759322
1.2759322
1.2727331
1.2727331
1.2759322
1.2759322
1.2759322
1.2727331
1.2759322
1.2759322
1.2759322
1.2727331
1.2727331
1.2759322
1.2727331
1.2759322
1.2759322
1.2759322
1.2759322
1.2759322
1.2759322
1.2759322
1.2759322
1.2759322
1.2759322
1.2759322
1.2759322
1.2727331
1.2727331
1.2727331
1.2759322
1.2727331
1.2727331
1.2727331
1.2695339
1.2727331
1.2727331
1.2727331
1.2727331
1.2727331
1.2727331
1.2727331
1.2727331
1.2727331
1.2727331
1.2791313
1.2727331
1.2727331
1.2695339
1.2759322
1.2727331
1.2727331
1.2727331
1.2727331
1.2727331
1.2759322
1.2727331
1.2695339
1.2727331
1.2727331
1.2727331
1.2759322
1.2727331
1.2727331
1.2727331
1.2727331
1.2727331
1.2759322
1.2727331
1.2727331
1.2727331
1.2727331
1.2759322
1.2759322
1.2727331
1.2727331
1.2727331
1.2727331
1.2727331
1.2727331
1.2759322
1.2727331
1.2759322
1.2727331
1.2727331
1.2727331
1.2727331
1.2727331
1.2727331
1.2727331
1.2727331
1.2727331
1.2727331
1.2727331
1.2727331
1.2727331
1.2727331
1.2727331
1.2727331
1.2759322
1.2727331
1.2727331
1.2727331
1.2727331
1.2759322
1.2727331
1.2759322
1.2727331
1.2727331
1.2727331
1.2727331
1.2727331
1.2727331
1.2759322
1.2759322
1.2727331
1.2727331
1.2727331
1.2727331
1.2727331
1.2759322
1.2759322
1.2727331
1.2727331
1.2727331
1.2759322
1.2759322
1.2759322
1.2727331
1.2727331
1.2727331
1.2759322
1.2759322
1.2695339
1.2727331
1.2759322
1.2727331
1.2759322
1.2727331
1.2727331
1.2727331
1.2727331
1.2727331
1.2727331
1.2727331
1.2791313
1.2759322
1.2759322
1.2759322
1.2759322
1.2727331
1.2759322
1.2759322
1.2759322
1.2791313
1.2759322
1.2727331
1.2759322
1.2791313
1.2791313
1.2759322
1.2727331
1.2727331
1.2759322
1.2759322
1.2695339
1.2759322
1.2759322
1.2759322
1.2727331
1.2759322
1.2727331
1.2759322
1.2727331
1.2727331
1.2727331
1.2727331
1.2727331
1.2791313
1.2791313
1.2759322
1.2759322
1.2759322
1.2759322
1.2791313
1.2759322
1.2759322
1.2759322
1.2727331
1.2759322
1.2759322
1.2727331
1.2759322
1.2759322
1.2759322
1.2791313
1.2759322
1.2759322
1.2759322
1.2727331
1.2759322
1.2759322
1.2695339
1.2695339
1.2727331
1.2727331
1.2727331
1.2759322
1.2727331
1.2759322
1.2791313
1.2791313
1.2759322
1.2759322
1.2759322
1.2759322
1.2759322
1.2727331
1.2759322
1.2727331
1.2791313
1.2791313
1.2695339
1.2727331
1.2727331
1.2791313
1.2759322
1.2727331
1.2759322
1.2759322
1.2695339
1.2759322
1.2759322
1.2759322
1.2727331
1.2727331
1.2727331
1.2759322
1.2727331
1.2759322
1.2727331
1.2727331
1.2727331
1.2727331
1.2759322
1.2727331
1.2759322
1.2727331
1.2759322
1.2791313
1.2791313
1.2759322
1.2759322
1.2759322
1.2727331
1.2727331
1.2727331
1.2727331
1.2727331
1.2759322
1.2727331
1.2759322
1.2727331
1.2727331
1.2759322
1.2727331
1.2759322
1.2759322
1.2759322
1.2727331
1.2759322
1.2791313
1.2727331
1.2759322
1.2791313
1.2759322
1.2759322
1.2727331
1.2695339
1.2727331
1.2727331
1.2727331
1.2727331
1.2727331
1.2727331
1.2759322
1.2759322
1.2727331
1.2727331
1.2759322
1.2727331
1.2727331
1.2727331
1.2759322
1.2695339
1.2727331
1.2695339
1.2759322
1.2727331
1.2727331
1.2759322
1.2727331
1.2727331
1.2695339
1.2759322
1.2727331
1.2727331
1.2727331
1.2727331
1.2727331
1.2727331
1.2727331
1.2727331
1.2695339
1.2727331
1.2727331
1.2759322
1.2759322
1.2727331
1.2727331
1.2727331
1.2727331
99.981
1.2727331
1.2695339
99.91726
1.2727331
1.2727331
1.2759322
1.2727331
1.2727331
1.2759322
1.2727331
1.2727331
1.2727331
1.2727331
1.2727331
1.2727331
1.2727331
1.2727331
1.2759322
1.2727331
1.2727331
1.2759322
1.2759322
1.2759322
1.2759322
1.2759322
1.2759322
1.2727331
1.2727331
1.2727331
1.2727331
1.2727331
1.2759322
1.2727331
1.2727331
1.2727331
1.2695339
1.2727331
1.2759322
1.2727331
1.2727331
1.2727331
1.2695339
1.2727331
1.2727331
1.2695339
1.2759322
1.2759322
1.2727331
1.2759322
1.2759322
1.2759322
1.2727331
1.2727331
1.2759322
1.2759322
1.2791313
1.2759322
1.2727331
1.2791313
1.2759322
1.2727331
1.2727331
1.2695339
1.2695339
1.2727331
1.2727331
1.2759322
1.2727331
1.2727331
1.2727331
1.2727331
1.2727331
1.2695339
1.2727331
1.2759322
1.2759322
1.2759322
1.2759322
1.2759322
1.2727331
