22.789062
22.652344
22.515625
22.375
22.234375
22.089844
21.949219
21.808594
21.660156
21.515625
21.363281
21.21875
21.066406
20.917969
20.765625
20.617188
20.464844
20.3125
20.15625
20.003906
19.851562
19.699219
19.546875
19.394531
19.242188
19.085938
18.9375
18.78125
18.628906
18.476562
18.320312
18.167969
18.019531
17.863281
17.714844
17.558594
17.414062
17.261719
17.113281
16.96875
16.824219
16.683594
16.539062
16.398438
16.265625
16.132812
16
15.871094
15.746094
15.621094
15.503906
15.390625
15.2734375
15.1640625
15.058594
14.953125
14.8515625
14.75
14.660156
14.566406
14.4765625
14.394531
14.308594
14.234375
14.160156
14.0859375
14.015625
13.953125
13.890625
13.832031
13.7734375
13.722656
13.671875
13.625
13.582031
13.5390625
13.503906
13.464844
13.433594
13.40625
13.375
13.347656
13.324219
13.300781
13.285156
13.269531
13.253906
13.2421875
13.2265625
13.21875
13.2109375
13.207031
13.199219
13.199219
13.199219
13.199219
13.199219
13.203125
13.2109375
13.2109375
13.21875
13.2265625
13.234375
13.2421875
13.2578125
13.265625
13.277344
13.2890625
13.300781
13.316406
13.332031
13.347656
13.363281
13.378906
13.394531
13.4140625
13.4296875
13.449219
13.464844
13.484375
13.5
13.519531
13.5390625
13.5546875
13.574219
13.59375
13.613281
13.628906
13.6484375
13.667969
13.683594
13.703125
13.71875
13.7421875
13.7578125
13.7734375
13.7890625
13.808594
13.824219
13.839844
13.859375
13.875
13.890625
13.90625
13.921875
13.9375
13.949219
13.964844
13.980469
13.9921875
14.003906
14.019531
14.03125
14.042969
14.0546875
14.0703125
14.082031
14.09375
14.1015625
14.113281
14.125
14.136719
14.144531
14.15625
14.1640625
14.171875
14.183594
14.1953125
14.203125
14.2109375
14.21875
14.230469
14.234375
14.246094
14.25
14.261719
14.261719
14.2734375
14.277344
14.285156
14.292969
14.300781
14.3046875
14.308594
14.316406
14.3203125
14.324219
14.328125
14.3359375
14.3359375
14.34375
14.347656
14.3515625
14.355469
14.359375
14.3671875
14.3671875
14.371094
14.375
14.378906
14.3828125
14.386719
14.390625
14.394531
14.3984375
14.402344
14.40625
14.410156
14.410156
14.4140625
14.417969
14.421875
14.425781
14.425781
14.4296875
14.4375
14.4375
14.441406
14.441406
14.4453125
14.449219
14.453125
14.453125
14.457031
14.457031
14.4609375
14.464844
14.46875
14.46875
14.46875
14.472656
14.472656
14.480469
14.480469
14.484375
14.484375
14.484375
14.488281
14.4921875
14.496094
14.5
14.5
14.5
14.503906
14.5078125
14.511719
14.511719
14.515625
14.515625
14.519531
14.5234375
14.527344
14.527344
14.53125
14.535156
14.5390625
14.5390625
14.542969
14.542969
14.546875
14.546875
14.550781
14.5546875
14.558594
14.558594
14.5625
14.5625
14.566406
14.5703125
14.5703125
14.574219
14.574219
14.578125
14.578125
14.582031
14.5859375
14.5859375
14.5859375
14.589844
14.59375
14.597656
14.597656
14.6015625
14.6015625
14.6015625
14.609375
14.609375
14.613281
14.613281
14.6171875
14.6171875
14.6171875
14.621094
14.625
14.625
14.628906
14.6328125
14.6328125
14.6328125
14.6328125
14.636719
14.640625
14.640625
14.644531
14.6484375
14.6484375
14.6484375
14.6484375
14.652344
14.652344
14.65625
14.660156
14.660156
14.660156
14.667969
14.671875
14.671875
14.675781
14.675781
14.675781
14.6796875
14.6796875
14.683594
14.683594
14.6875
14.691406
14.691406
14.691406
14.691406
14.6953125
14.6953125
14.699219
14.699219
14.703125
14.703125
14.707031
14.707031
14.707031
14.707031
14.7109375
14.714844
14.714844
14.71875
14.71875
14.71875
14.722656
14.722656
14.722656
14.7265625
14.7265625
14.730469
14.730469
14.734375
14.734375
14.734375
14.734375
14.734375
14.738281
14.738281
14.7421875
14.7421875
14.746094
14.746094
14.75
14.75
14.75
14.75
14.753906
14.753906
14.7578125
14.761719
14.761719
14.765625
14.765625
14.765625
14.765625
14.769531
14.769531
14.7734375
14.7734375
14.7734375
14.777344
14.78125
14.78125
14.78125
14.78125
14.78125
14.785156
14.7890625
14.7890625
14.792969
14.792969
14.792969
14.792969
14.792969
14.796875
14.796875
14.800781
14.800781
14.800781
14.8046875
14.808594
14.808594
14.808594
14.808594
14.808594
14.808594
14.808594
14.8125
14.816406
14.8125
14.816406
14.8203125
14.8203125
14.8203125
14.8203125
14.824219
14.824219
14.824219
14.824219
14.824219
14.824219
14.824219
14.828125
14.828125
14.828125
14.832031
14.832031
14.8359375
14.8359375
14.839844
14.839844
14.839844
14.839844
14.839844
14.839844
14.839844
14.839844
14.84375
14.84375
14.847656
14.847656
14.847656
14.8515625
14.8515625
14.855469
14.855469
14.855469
14.855469
14.859375
14.859375
14.859375
14.863281
14.863281
14.863281
14.8671875
14.8671875
14.8671875
14.8671875
14.8671875
14.8671875
14.871094
14.871094
14.871094
14.871094
14.871094
14.875
14.875
14.878906
14.878906
14.878906
14.878906
14.8828125
14.8828125
14.8828125
14.8828125
14.8828125
14.8828125
14.8828125
14.8828125
14.8828125
14.8828125
14.8828125
14.8828125
14.886719
14.886719
14.886719
14.886719
14.890625
14.886719
14.890625
14.890625
14.890625
14.890625
14.894531
14.894531
14.894531
14.894531
14.894531
14.894531
14.8984375
14.8984375
14.8984375
14.8984375
14.8984375
14.8984375
14.8984375
14.8984375
14.8984375
14.8984375
14.8984375
14.8984375
14.8984375
14.902344
14.8984375
14.902344
14.902344
14.902344
14.902344
14.902344
14.902344
14.902344
14.90625
14.90625
14.90625
14.90625
14.90625
14.90625
14.910156
14.910156
14.910156
14.910156
14.910156
14.910156
14.9140625
14.9140625
14.9140625
14.9140625
14.9140625
14.9140625
14.9140625
14.9140625
14.9140625
14.9140625
14.9140625
14.9140625
14.9140625
14.9140625
14.9140625
14.9140625
14.9140625
14.9140625
14.9140625
14.9140625
14.9140625
14.9140625
14.9140625
14.9140625
14.917969
14.917969
14.917969
14.917969
14.921875
14.921875
14.921875
14.921875
14.925781
14.921875
14.921875
14.925781
14.925781
14.925781
14.925781
14.925781
14.925781
14.925781
14.925781
14.925781
14.925781
14.925781
14.925781
14.925781
14.925781
14.9296875
14.925781
14.9296875
14.9296875
14.9296875
14.9296875
14.9296875
14.9296875
14.9296875
14.9296875
14.933594
14.933594
14.933594
14.933594
14.933594
14.933594
14.933594
14.9375
14.9375
14.9375
14.9375
14.941406
14.941406
14.941406
14.941406
14.941406
14.941406
14.941406
14.941406
14.941406
14.941406
14.9453125
14.9453125
14.9453125
14.9453125
14.9453125
14.9453125
14.949219
14.949219
14.949219
14.953125
14.953125
14.957031
14.972656
15
15.042969
15.089844
15.152344
15.21875
15.292969
15.375
15.4609375
15.5546875
15.6484375
15.75
15.847656
15.957031
16.066406
16.171875
16.28125
16.394531
16.507812
16.621094
16.730469
16.84375
16.957031
17.070312
17.179688
17.289062
17.398438
17.503906
17.609375
17.714844
17.816406
17.917969
18.015625
18.109375
18.207031
18.296875
18.390625
18.480469
18.566406
18.652344
18.738281
18.820312
18.898438
18.980469
19.054688
19.132812
19.203125
19.277344
19.34375
19.414062
19.480469
19.542969
19.601562
19.660156
19.71875
19.773438
19.828125
19.875
19.925781
19.972656
20.015625
20.058594
20.097656
20.140625
20.175781
20.210938
20.242188
20.273438
20.304688
20.328125
20.359375
20.378906
20.402344
20.421875
20.441406
20.460938
20.476562
20.492188
20.503906
20.515625
20.527344
20.535156
20.542969
20.550781
20.554688
20.558594
20.5625
20.566406
20.566406
20.566406
20.566406
20.566406
20.5625
20.5625
20.558594
20.558594
20.550781
20.542969
20.542969
20.535156
20.527344
20.523438
20.511719
20.507812
20.5
20.492188
20.484375
20.476562
20.464844
20.457031
20.449219
20.4375
20.429688
20.417969
20.410156
20.402344
20.390625
20.382812
20.371094
20.363281
20.355469
20.34375
20.339844
20.328125
20.320312
20.3125
20.300781
20.292969
20.285156
20.277344
20.265625
20.257812
20.25
20.242188
20.234375
20.226562
20.21875
20.214844
20.203125
20.199219
20.191406
20.1875
20.179688
20.175781
20.171875
20.164062
20.15625
20.152344
20.148438
20.140625
20.140625
20.132812
20.128906
20.125
20.121094
20.117188
20.109375
20.109375
20.105469
20.101562
20.097656
20.09375
20.09375
20.089844
20.085938
20.085938
20.082031
20.082031
20.082031
20.078125
20.074219
20.074219
20.070312
20.070312
20.066406
20.066406
20.066406
20.066406
20.066406
20.0625
20.0625
20.0625
20.0625
20.058594
20.058594
20.058594
20.058594
20.058594
20.058594
20.058594
20.058594
20.054688
20.058594
20.054688
20.058594
20.058594
20.054688
20.054688
20.058594
20.058594
20.058594
20.058594
20.058594
20.058594
20.058594
20.058594
20.058594
20.0625
20.0625
20.0625
20.0625
20.0625
20.0625
20.066406
20.0625
20.066406
20.066406
20.066406
20.066406
20.066406
20.066406
20.066406
20.066406
20.066406
20.066406
20.066406
20.066406
20.066406
20.066406
20.066406
20.066406
20.066406
20.066406
20.066406
20.066406
20.066406
20.066406
20.066406
20.066406
20.066406
20.066406
20.066406
20.066406
20.066406
20.066406
20.066406
20.066406
20.066406
20.066406
20.066406
20.066406
20.066406
20.066406
20.066406
20.066406
20.066406
20.066406
20.066406
20.066406
20.066406
20.066406
20.066406
20.066406
20.066406
20.066406
20.066406
20.066406
20.066406
20.066406
20.066406
20.066406
20.066406
20.066406
20.066406
20.066406
20.066406
20.066406
20.066406
20.066406
20.066406
20.066406
20.066406
20.0625
20.0625
20.0625
20.0625
20.0625
20.058594
20.058594
20.058594
20.058594
20.058594
20.058594
20.058594
20.058594
20.058594
20.058594
20.054688
20.054688
20.054688
20.054688
20.054688
20.054688
20.050781
20.054688
20.050781
20.050781
20.050781
20.050781
20.050781
20.050781
20.050781
20.050781
20.050781
20.046875
20.050781
20.046875
20.046875
20.046875
20.046875
20.046875
20.042969
20.042969
20.042969
20.042969
20.042969
20.042969
20.042969
20.039062
20.039062
20.039062
20.039062
20.039062
20.039062
20.039062
20.039062
20.039062
20.035156
20.039062
20.035156
20.035156
20.035156
20.039062
20.039062
20.035156
20.035156
20.035156
20.035156
20.039062
20.039062
20.035156
20.035156
20.035156
20.039062
20.035156
20.035156
20.035156
20.035156
20.035156
20.035156
20.035156
20.035156
20.035156
20.035156
20.035156
20.035156
20.035156
20.035156
20.035156
20.035156
20.035156
20.035156
20.035156
20.035156
20.035156
20.035156
20.035156
20.035156
20.035156
20.035156
20.035156
20.035156
20.035156
20.035156
20.035156
20.035156
20.035156
20.035156
20.03125
20.03125
20.03125
20.03125
20.03125
20.027344
20.027344
20.027344
20.027344
20.027344
